"name","Any_disability","SSI","Household_income","number_SSI","geometry","SSI_category_new"
"Bristol",1,1,"$10,000 to $34,999",1,list(c(-71.3817, -71.339298, -71.339597, -71.329396, -71.3174020079312, -71.261392, -71.2086005328951, -71.2013271875249, -71.19564, -71.132888, -71.137492, -71.12057, -71.085663, -71.035514, -71.0203212322244, -70.981708, -70.941785, -70.910165, -70.9090917764468, -70.8576236660334, -70.853121, -70.82191, -70.8039626132079, -70.839175, -70.865003, -70.88497, -70.907184, -70.921782, -71.026288, -71.014591, -71.03657, -70.973717, -70.987256, -70.997397, -70.999773, -71.054718, -71.080483, -71.138607, 
-71.288265, -71.353265, -71.3814313468931, -71.381461, -71.3816123438128, -71.3817, 41.893199, 41.893399, 41.832, 41.7826, 41.7772561089687, 41.752301, 41.6903092436027, 41.6817683282027, 41.67509, 41.660102, 41.602561, 41.497448, 41.509292, 41.499047, 41.502159475917, 41.51007, 41.540121, 41.577073, 41.5772658054655, 41.5865120924635, 41.587321, 41.582841, 41.6015155410003, 41.614761, 41.700164, 41.756115, 41.763543, 41.791244, 41.778888, 41.799568, 41.816525, 41.860879, 41.905808, 41.918399, 41.929671, 
41.985057, 42.095539, 42.072775, 42.014462, 41.98954, 41.9850841191295, 41.952141, 41.9148167028803, 41.893199)),"Low"
"Bristol",1,2,"$10,000 to $34,999",4,list(c(-71.3817, -71.339298, -71.339597, -71.329396, -71.3174020079312, -71.261392, -71.2086005328951, -71.2013271875249, -71.19564, -71.132888, -71.137492, -71.12057, -71.085663, -71.035514, -71.0203212322244, -70.981708, -70.941785, -70.910165, -70.9090917764468, -70.8576236660334, -70.853121, -70.82191, -70.8039626132079, -70.839175, -70.865003, -70.88497, -70.907184, -70.921782, -71.026288, -71.014591, -71.03657, -70.973717, -70.987256, -70.997397, -70.999773, -71.054718, -71.080483, -71.138607, 
-71.288265, -71.353265, -71.3814313468931, -71.381461, -71.3816123438128, -71.3817, 41.893199, 41.893399, 41.832, 41.7826, 41.7772561089687, 41.752301, 41.6903092436027, 41.6817683282027, 41.67509, 41.660102, 41.602561, 41.497448, 41.509292, 41.499047, 41.502159475917, 41.51007, 41.540121, 41.577073, 41.5772658054655, 41.5865120924635, 41.587321, 41.582841, 41.6015155410003, 41.614761, 41.700164, 41.756115, 41.763543, 41.791244, 41.778888, 41.799568, 41.816525, 41.860879, 41.905808, 41.918399, 41.929671, 
41.985057, 42.095539, 42.072775, 42.014462, 41.98954, 41.9850841191295, 41.952141, 41.9148167028803, 41.893199)),"Low"
"Bristol",1,2,"$100,000 and over",6,list(c(-71.3817, -71.339298, -71.339597, -71.329396, -71.3174020079312, -71.261392, -71.2086005328951, -71.2013271875249, -71.19564, -71.132888, -71.137492, -71.12057, -71.085663, -71.035514, -71.0203212322244, -70.981708, -70.941785, -70.910165, -70.9090917764468, -70.8576236660334, -70.853121, -70.82191, -70.8039626132079, -70.839175, -70.865003, -70.88497, -70.907184, -70.921782, -71.026288, -71.014591, -71.03657, -70.973717, -70.987256, -70.997397, -70.999773, -71.054718, -71.080483, -71.138607, 
-71.288265, -71.353265, -71.3814313468931, -71.381461, -71.3816123438128, -71.3817, 41.893199, 41.893399, 41.832, 41.7826, 41.7772561089687, 41.752301, 41.6903092436027, 41.6817683282027, 41.67509, 41.660102, 41.602561, 41.497448, 41.509292, 41.499047, 41.502159475917, 41.51007, 41.540121, 41.577073, 41.5772658054655, 41.5865120924635, 41.587321, 41.582841, 41.6015155410003, 41.614761, 41.700164, 41.756115, 41.763543, 41.791244, 41.778888, 41.799568, 41.816525, 41.860879, 41.905808, 41.918399, 41.929671, 
41.985057, 42.095539, 42.072775, 42.014462, 41.98954, 41.9850841191295, 41.952141, 41.9148167028803, 41.893199)),"Less"
"Bristol",1,2,"$35,000 to $69,999",1,list(c(-71.3817, -71.339298, -71.339597, -71.329396, -71.3174020079312, -71.261392, -71.2086005328951, -71.2013271875249, -71.19564, -71.132888, -71.137492, -71.12057, -71.085663, -71.035514, -71.0203212322244, -70.981708, -70.941785, -70.910165, -70.9090917764468, -70.8576236660334, -70.853121, -70.82191, -70.8039626132079, -70.839175, -70.865003, -70.88497, -70.907184, -70.921782, -71.026288, -71.014591, -71.03657, -70.973717, -70.987256, -70.997397, -70.999773, -71.054718, -71.080483, -71.138607, 
-71.288265, -71.353265, -71.3814313468931, -71.381461, -71.3816123438128, -71.3817, 41.893199, 41.893399, 41.832, 41.7826, 41.7772561089687, 41.752301, 41.6903092436027, 41.6817683282027, 41.67509, 41.660102, 41.602561, 41.497448, 41.509292, 41.499047, 41.502159475917, 41.51007, 41.540121, 41.577073, 41.5772658054655, 41.5865120924635, 41.587321, 41.582841, 41.6015155410003, 41.614761, 41.700164, 41.756115, 41.763543, 41.791244, 41.778888, 41.799568, 41.816525, 41.860879, 41.905808, 41.918399, 41.929671, 
41.985057, 42.095539, 42.072775, 42.014462, 41.98954, 41.9850841191295, 41.952141, 41.9148167028803, 41.893199)),"Low"
"Bristol",1,2,"$70,000 to $99,999",2,list(c(-71.3817, -71.339298, -71.339597, -71.329396, -71.3174020079312, -71.261392, -71.2086005328951, -71.2013271875249, -71.19564, -71.132888, -71.137492, -71.12057, -71.085663, -71.035514, -71.0203212322244, -70.981708, -70.941785, -70.910165, -70.9090917764468, -70.8576236660334, -70.853121, -70.82191, -70.8039626132079, -70.839175, -70.865003, -70.88497, -70.907184, -70.921782, -71.026288, -71.014591, -71.03657, -70.973717, -70.987256, -70.997397, -70.999773, -71.054718, -71.080483, -71.138607, 
-71.288265, -71.353265, -71.3814313468931, -71.381461, -71.3816123438128, -71.3817, 41.893199, 41.893399, 41.832, 41.7826, 41.7772561089687, 41.752301, 41.6903092436027, 41.6817683282027, 41.67509, 41.660102, 41.602561, 41.497448, 41.509292, 41.499047, 41.502159475917, 41.51007, 41.540121, 41.577073, 41.5772658054655, 41.5865120924635, 41.587321, 41.582841, 41.6015155410003, 41.614761, 41.700164, 41.756115, 41.763543, 41.791244, 41.778888, 41.799568, 41.816525, 41.860879, 41.905808, 41.918399, 41.929671, 
41.985057, 42.095539, 42.072775, 42.014462, 41.98954, 41.9850841191295, 41.952141, 41.9148167028803, 41.893199)),"Low"
"Bristol",1,2,"Under $10,000",1,list(c(-71.3817, -71.339298, -71.339597, -71.329396, -71.3174020079312, -71.261392, -71.2086005328951, -71.2013271875249, -71.19564, -71.132888, -71.137492, -71.12057, -71.085663, -71.035514, -71.0203212322244, -70.981708, -70.941785, -70.910165, -70.9090917764468, -70.8576236660334, -70.853121, -70.82191, -70.8039626132079, -70.839175, -70.865003, -70.88497, -70.907184, -70.921782, -71.026288, -71.014591, -71.03657, -70.973717, -70.987256, -70.997397, -70.999773, -71.054718, -71.080483, -71.138607, 
-71.288265, -71.353265, -71.3814313468931, -71.381461, -71.3816123438128, -71.3817, 41.893199, 41.893399, 41.832, 41.7826, 41.7772561089687, 41.752301, 41.6903092436027, 41.6817683282027, 41.67509, 41.660102, 41.602561, 41.497448, 41.509292, 41.499047, 41.502159475917, 41.51007, 41.540121, 41.577073, 41.5772658054655, 41.5865120924635, 41.587321, 41.582841, 41.6015155410003, 41.614761, 41.700164, 41.756115, 41.763543, 41.791244, 41.778888, 41.799568, 41.816525, 41.860879, 41.905808, 41.918399, 41.929671, 
41.985057, 42.095539, 42.072775, 42.014462, 41.98954, 41.9850841191295, 41.952141, 41.9148167028803, 41.893199)),"Low"
"Essex",1,1,"$10,000 to $34,999",2,list(c(-71.256188, -71.164879, -71.145942, -71.033998, -71.053365, -70.982994, -70.9552110614633, -70.913192, -70.905993, -70.8992339791018, -70.886493, -70.835991, -70.848492, -70.804091, -70.698574, -70.654727, -70.594014, -70.602506, -70.645101, -70.681594, -70.72982, -70.772267, -70.80522, -70.817296, -70.86475, -70.930799, -70.9665, -71.031201, -71.0487164136986, -71.064201, -71.1163750121775, -71.149703, -71.186104, -71.181803, -71.2453840329207, -71.2551101218106, -71.238179, -71.256188, 42.657145, 
42.598021, 42.608335, 42.585493, 42.475925, 42.423996, 42.4254690903917, 42.427697, 42.4391565115922, 42.4499156556865, 42.470197, 42.490496, 42.550195, 42.561595, 42.577393, 42.582234, 42.63503, 42.677702, 42.689423, 42.662342, 42.669602, 42.711064, 42.781798, 42.87229, 42.870258, 42.884589, 42.868989, 42.859089, 42.8310643380822, 42.806289, 42.8119029144351, 42.815489, 42.790689, 42.73759, 42.7365553285746, 42.7363970532872, 42.669419, 42.657145)),"Low"
"Essex",1,1,"$35,000 to $69,999",1,list(c(-71.256188, -71.164879, -71.145942, -71.033998, -71.053365, -70.982994, -70.9552110614633, -70.913192, -70.905993, -70.8992339791018, -70.886493, -70.835991, -70.848492, -70.804091, -70.698574, -70.654727, -70.594014, -70.602506, -70.645101, -70.681594, -70.72982, -70.772267, -70.80522, -70.817296, -70.86475, -70.930799, -70.9665, -71.031201, -71.0487164136986, -71.064201, -71.1163750121775, -71.149703, -71.186104, -71.181803, -71.2453840329207, -71.2551101218106, -71.238179, -71.256188, 42.657145, 
42.598021, 42.608335, 42.585493, 42.475925, 42.423996, 42.4254690903917, 42.427697, 42.4391565115922, 42.4499156556865, 42.470197, 42.490496, 42.550195, 42.561595, 42.577393, 42.582234, 42.63503, 42.677702, 42.689423, 42.662342, 42.669602, 42.711064, 42.781798, 42.87229, 42.870258, 42.884589, 42.868989, 42.859089, 42.8310643380822, 42.806289, 42.8119029144351, 42.815489, 42.790689, 42.73759, 42.7365553285746, 42.7363970532872, 42.669419, 42.657145)),"Low"
"Essex",1,1,"Under $10,000",1,list(c(-71.256188, -71.164879, -71.145942, -71.033998, -71.053365, -70.982994, -70.9552110614633, -70.913192, -70.905993, -70.8992339791018, -70.886493, -70.835991, -70.848492, -70.804091, -70.698574, -70.654727, -70.594014, -70.602506, -70.645101, -70.681594, -70.72982, -70.772267, -70.80522, -70.817296, -70.86475, -70.930799, -70.9665, -71.031201, -71.0487164136986, -71.064201, -71.1163750121775, -71.149703, -71.186104, -71.181803, -71.2453840329207, -71.2551101218106, -71.238179, -71.256188, 42.657145, 
42.598021, 42.608335, 42.585493, 42.475925, 42.423996, 42.4254690903917, 42.427697, 42.4391565115922, 42.4499156556865, 42.470197, 42.490496, 42.550195, 42.561595, 42.577393, 42.582234, 42.63503, 42.677702, 42.689423, 42.662342, 42.669602, 42.711064, 42.781798, 42.87229, 42.870258, 42.884589, 42.868989, 42.859089, 42.8310643380822, 42.806289, 42.8119029144351, 42.815489, 42.790689, 42.73759, 42.7365553285746, 42.7363970532872, 42.669419, 42.657145)),"Low"
"Essex",1,2,"$10,000 to $34,999",5,list(c(-71.256188, -71.164879, -71.145942, -71.033998, -71.053365, -70.982994, -70.9552110614633, -70.913192, -70.905993, -70.8992339791018, -70.886493, -70.835991, -70.848492, -70.804091, -70.698574, -70.654727, -70.594014, -70.602506, -70.645101, -70.681594, -70.72982, -70.772267, -70.80522, -70.817296, -70.86475, -70.930799, -70.9665, -71.031201, -71.0487164136986, -71.064201, -71.1163750121775, -71.149703, -71.186104, -71.181803, -71.2453840329207, -71.2551101218106, -71.238179, -71.256188, 42.657145, 
42.598021, 42.608335, 42.585493, 42.475925, 42.423996, 42.4254690903917, 42.427697, 42.4391565115922, 42.4499156556865, 42.470197, 42.490496, 42.550195, 42.561595, 42.577393, 42.582234, 42.63503, 42.677702, 42.689423, 42.662342, 42.669602, 42.711064, 42.781798, 42.87229, 42.870258, 42.884589, 42.868989, 42.859089, 42.8310643380822, 42.806289, 42.8119029144351, 42.815489, 42.790689, 42.73759, 42.7365553285746, 42.7363970532872, 42.669419, 42.657145)),"Less"
"Essex",1,2,"$100,000 and over",8,list(c(-71.256188, -71.164879, -71.145942, -71.033998, -71.053365, -70.982994, -70.9552110614633, -70.913192, -70.905993, -70.8992339791018, -70.886493, -70.835991, -70.848492, -70.804091, -70.698574, -70.654727, -70.594014, -70.602506, -70.645101, -70.681594, -70.72982, -70.772267, -70.80522, -70.817296, -70.86475, -70.930799, -70.9665, -71.031201, -71.0487164136986, -71.064201, -71.1163750121775, -71.149703, -71.186104, -71.181803, -71.2453840329207, -71.2551101218106, -71.238179, -71.256188, 42.657145, 
42.598021, 42.608335, 42.585493, 42.475925, 42.423996, 42.4254690903917, 42.427697, 42.4391565115922, 42.4499156556865, 42.470197, 42.490496, 42.550195, 42.561595, 42.577393, 42.582234, 42.63503, 42.677702, 42.689423, 42.662342, 42.669602, 42.711064, 42.781798, 42.87229, 42.870258, 42.884589, 42.868989, 42.859089, 42.8310643380822, 42.806289, 42.8119029144351, 42.815489, 42.790689, 42.73759, 42.7365553285746, 42.7363970532872, 42.669419, 42.657145)),"Less"
"Essex",1,2,"$35,000 to $69,999",1,list(c(-71.256188, -71.164879, -71.145942, -71.033998, -71.053365, -70.982994, -70.9552110614633, -70.913192, -70.905993, -70.8992339791018, -70.886493, -70.835991, -70.848492, -70.804091, -70.698574, -70.654727, -70.594014, -70.602506, -70.645101, -70.681594, -70.72982, -70.772267, -70.80522, -70.817296, -70.86475, -70.930799, -70.9665, -71.031201, -71.0487164136986, -71.064201, -71.1163750121775, -71.149703, -71.186104, -71.181803, -71.2453840329207, -71.2551101218106, -71.238179, -71.256188, 42.657145, 
42.598021, 42.608335, 42.585493, 42.475925, 42.423996, 42.4254690903917, 42.427697, 42.4391565115922, 42.4499156556865, 42.470197, 42.490496, 42.550195, 42.561595, 42.577393, 42.582234, 42.63503, 42.677702, 42.689423, 42.662342, 42.669602, 42.711064, 42.781798, 42.87229, 42.870258, 42.884589, 42.868989, 42.859089, 42.8310643380822, 42.806289, 42.8119029144351, 42.815489, 42.790689, 42.73759, 42.7365553285746, 42.7363970532872, 42.669419, 42.657145)),"Low"
"Essex",1,2,"$70,000 to $99,999",2,list(c(-71.256188, -71.164879, -71.145942, -71.033998, -71.053365, -70.982994, -70.9552110614633, -70.913192, -70.905993, -70.8992339791018, -70.886493, -70.835991, -70.848492, -70.804091, -70.698574, -70.654727, -70.594014, -70.602506, -70.645101, -70.681594, -70.72982, -70.772267, -70.80522, -70.817296, -70.86475, -70.930799, -70.9665, -71.031201, -71.0487164136986, -71.064201, -71.1163750121775, -71.149703, -71.186104, -71.181803, -71.2453840329207, -71.2551101218106, -71.238179, -71.256188, 42.657145, 
42.598021, 42.608335, 42.585493, 42.475925, 42.423996, 42.4254690903917, 42.427697, 42.4391565115922, 42.4499156556865, 42.470197, 42.490496, 42.550195, 42.561595, 42.577393, 42.582234, 42.63503, 42.677702, 42.689423, 42.662342, 42.669602, 42.711064, 42.781798, 42.87229, 42.870258, 42.884589, 42.868989, 42.859089, 42.8310643380822, 42.806289, 42.8119029144351, 42.815489, 42.790689, 42.73759, 42.7365553285746, 42.7363970532872, 42.669419, 42.657145)),"Low"
"Essex",1,2,"Under $10,000",1,list(c(-71.256188, -71.164879, -71.145942, -71.033998, -71.053365, -70.982994, -70.9552110614633, -70.913192, -70.905993, -70.8992339791018, -70.886493, -70.835991, -70.848492, -70.804091, -70.698574, -70.654727, -70.594014, -70.602506, -70.645101, -70.681594, -70.72982, -70.772267, -70.80522, -70.817296, -70.86475, -70.930799, -70.9665, -71.031201, -71.0487164136986, -71.064201, -71.1163750121775, -71.149703, -71.186104, -71.181803, -71.2453840329207, -71.2551101218106, -71.238179, -71.256188, 42.657145, 
42.598021, 42.608335, 42.585493, 42.475925, 42.423996, 42.4254690903917, 42.427697, 42.4391565115922, 42.4499156556865, 42.470197, 42.490496, 42.550195, 42.561595, 42.577393, 42.582234, 42.63503, 42.677702, 42.689423, 42.662342, 42.669602, 42.711064, 42.781798, 42.87229, 42.870258, 42.884589, 42.868989, 42.859089, 42.8310643380822, 42.806289, 42.8119029144351, 42.815489, 42.790689, 42.73759, 42.7365553285746, 42.7363970532872, 42.669419, 42.657145)),"Low"
"Hampden",1,1,"$10,000 to $34,999",2,list(c(-73.053397149764, -73.0087627816307, -72.999549, -72.847142, -72.810078, -72.7747593160786, -72.766739, -72.735496, -72.607933, -72.528131, -72.5091793362983, -72.3974762551959, -72.317148, -72.198845978132, -72.1357314619467, -72.135042, -72.141886, -72.199348, -72.263924, -72.221218, -72.291567, -72.333875, -72.395478, -72.44712, -72.606533, -72.609948, -72.613138, -72.686861, -72.793414, -72.912302, -72.885184, -73.000278, -73.03492, -73.075117, -73.053397149764, 42.0401165089147, 42.0389034162467, 
42.038653, 42.036894, 41.998316, 42.0021291041803, 42.002995, 42.036399, 42.030795, 42.034295, 42.0340804965901, 42.0328161911358, 42.031907, 42.030103893282, 42.0291419299416, 42.140602, 42.161, 42.153707, 42.183831, 42.245252, 42.232221, 42.220719, 42.185737, 42.227254, 42.215297, 42.285224, 42.286265, 42.18339, 42.236854, 42.239133, 42.332615, 42.312597, 42.143652, 42.105187, 42.0401165089147)),"Low"
"Hampden",1,1,"Under $10,000",3,list(c(-73.053397149764, -73.0087627816307, -72.999549, -72.847142, -72.810078, -72.7747593160786, -72.766739, -72.735496, -72.607933, -72.528131, -72.5091793362983, -72.3974762551959, -72.317148, -72.198845978132, -72.1357314619467, -72.135042, -72.141886, -72.199348, -72.263924, -72.221218, -72.291567, -72.333875, -72.395478, -72.44712, -72.606533, -72.609948, -72.613138, -72.686861, -72.793414, -72.912302, -72.885184, -73.000278, -73.03492, -73.075117, -73.053397149764, 42.0401165089147, 42.0389034162467, 
42.038653, 42.036894, 41.998316, 42.0021291041803, 42.002995, 42.036399, 42.030795, 42.034295, 42.0340804965901, 42.0328161911358, 42.031907, 42.030103893282, 42.0291419299416, 42.140602, 42.161, 42.153707, 42.183831, 42.245252, 42.232221, 42.220719, 42.185737, 42.227254, 42.215297, 42.285224, 42.286265, 42.18339, 42.236854, 42.239133, 42.332615, 42.312597, 42.143652, 42.105187, 42.0401165089147)),"Low"
"Hampden",1,2,"$10,000 to $34,999",6,list(c(-73.053397149764, -73.0087627816307, -72.999549, -72.847142, -72.810078, -72.7747593160786, -72.766739, -72.735496, -72.607933, -72.528131, -72.5091793362983, -72.3974762551959, -72.317148, -72.198845978132, -72.1357314619467, -72.135042, -72.141886, -72.199348, -72.263924, -72.221218, -72.291567, -72.333875, -72.395478, -72.44712, -72.606533, -72.609948, -72.613138, -72.686861, -72.793414, -72.912302, -72.885184, -73.000278, -73.03492, -73.075117, -73.053397149764, 42.0401165089147, 42.0389034162467, 
42.038653, 42.036894, 41.998316, 42.0021291041803, 42.002995, 42.036399, 42.030795, 42.034295, 42.0340804965901, 42.0328161911358, 42.031907, 42.030103893282, 42.0291419299416, 42.140602, 42.161, 42.153707, 42.183831, 42.245252, 42.232221, 42.220719, 42.185737, 42.227254, 42.215297, 42.285224, 42.286265, 42.18339, 42.236854, 42.239133, 42.332615, 42.312597, 42.143652, 42.105187, 42.0401165089147)),"Less"
"Hampden",1,2,"$35,000 to $69,999",2,list(c(-73.053397149764, -73.0087627816307, -72.999549, -72.847142, -72.810078, -72.7747593160786, -72.766739, -72.735496, -72.607933, -72.528131, -72.5091793362983, -72.3974762551959, -72.317148, -72.198845978132, -72.1357314619467, -72.135042, -72.141886, -72.199348, -72.263924, -72.221218, -72.291567, -72.333875, -72.395478, -72.44712, -72.606533, -72.609948, -72.613138, -72.686861, -72.793414, -72.912302, -72.885184, -73.000278, -73.03492, -73.075117, -73.053397149764, 42.0401165089147, 42.0389034162467, 
42.038653, 42.036894, 41.998316, 42.0021291041803, 42.002995, 42.036399, 42.030795, 42.034295, 42.0340804965901, 42.0328161911358, 42.031907, 42.030103893282, 42.0291419299416, 42.140602, 42.161, 42.153707, 42.183831, 42.245252, 42.232221, 42.220719, 42.185737, 42.227254, 42.215297, 42.285224, 42.286265, 42.18339, 42.236854, 42.239133, 42.332615, 42.312597, 42.143652, 42.105187, 42.0401165089147)),"Low"
"Hampden",1,2,"$70,000 to $99,999",2,list(c(-73.053397149764, -73.0087627816307, -72.999549, -72.847142, -72.810078, -72.7747593160786, -72.766739, -72.735496, -72.607933, -72.528131, -72.5091793362983, -72.3974762551959, -72.317148, -72.198845978132, -72.1357314619467, -72.135042, -72.141886, -72.199348, -72.263924, -72.221218, -72.291567, -72.333875, -72.395478, -72.44712, -72.606533, -72.609948, -72.613138, -72.686861, -72.793414, -72.912302, -72.885184, -73.000278, -73.03492, -73.075117, -73.053397149764, 42.0401165089147, 42.0389034162467, 
42.038653, 42.036894, 41.998316, 42.0021291041803, 42.002995, 42.036399, 42.030795, 42.034295, 42.0340804965901, 42.0328161911358, 42.031907, 42.030103893282, 42.0291419299416, 42.140602, 42.161, 42.153707, 42.183831, 42.245252, 42.232221, 42.220719, 42.185737, 42.227254, 42.215297, 42.285224, 42.286265, 42.18339, 42.236854, 42.239133, 42.332615, 42.312597, 42.143652, 42.105187, 42.0401165089147)),"Low"
"Hampden",1,2,"Under $10,000",1,list(c(-73.053397149764, -73.0087627816307, -72.999549, -72.847142, -72.810078, -72.7747593160786, -72.766739, -72.735496, -72.607933, -72.528131, -72.5091793362983, -72.3974762551959, -72.317148, -72.198845978132, -72.1357314619467, -72.135042, -72.141886, -72.199348, -72.263924, -72.221218, -72.291567, -72.333875, -72.395478, -72.44712, -72.606533, -72.609948, -72.613138, -72.686861, -72.793414, -72.912302, -72.885184, -73.000278, -73.03492, -73.075117, -73.053397149764, 42.0401165089147, 42.0389034162467, 
42.038653, 42.036894, 41.998316, 42.0021291041803, 42.002995, 42.036399, 42.030795, 42.034295, 42.0340804965901, 42.0328161911358, 42.031907, 42.030103893282, 42.0291419299416, 42.140602, 42.161, 42.153707, 42.183831, 42.245252, 42.232221, 42.220719, 42.185737, 42.227254, 42.215297, 42.285224, 42.286265, 42.18339, 42.236854, 42.239133, 42.332615, 42.312597, 42.143652, 42.105187, 42.0401165089147)),"Low"
"Hampshire",1,2,"$35,000 to $69,999",1,list(c(-73.064288, -73.029398, -73.000278, -72.885184, -72.912302, -72.793414, -72.686861, -72.613138, -72.609948, -72.606533, -72.44712, -72.395478, -72.333875, -72.291567, -72.221218, -72.211079, -72.210795, -72.288734, -72.314253, -72.356018, -72.375022, -72.483696, -72.544199, -72.669138, -72.700877, -72.871136, -72.876849, -72.975409, -73.011683, -73.065772, -73.064288, 42.339732, 42.308568, 42.312597, 42.332615, 42.239133, 42.236854, 42.18339, 42.286265, 42.285224, 42.215297, 42.227254, 42.185737, 
42.220719, 42.232221, 42.245252, 42.251262, 42.31138, 42.352024, 42.343688, 42.303283, 42.420819, 42.407481, 42.42715, 42.409711, 42.45292, 42.484041, 42.541197, 42.556037, 42.379683, 42.389111, 42.339732)),"Low"
"Middlesex",1,1,"$10,000 to $34,999",2,list(c(-71.858483, -71.775755, -71.664601, -71.678969, -71.635869, -71.53878, -71.5591, -71.624702, -71.58521, -71.551126, -71.486797, -71.506478, -71.522178, -71.550115, -71.586759, -71.555738, -71.502626, -71.478119, -71.34417, -71.302922, -71.32975, -71.269958, -71.230913, -71.191247, -71.156887, -71.167625, -71.116921, -71.077334, -71.064059, -71.080971, -70.9825456015879, -70.982994, -71.053365, -71.033998, -71.145942, -71.164879, -71.256188, -71.238179, -71.2551101218106, -71.255605, -71.294205, 
-71.351874, -71.636214, -71.745817, -71.7725564843125, -71.8053896027383, -71.8987687719366, -71.858483, 42.633815, 42.64423, 42.611598, 42.53043, 42.524024, 42.54303, 42.411943, 42.350465, 42.310952, 42.326395, 42.330189, 42.264276, 42.266454, 42.266023, 42.259545, 42.182503, 42.191416, 42.156782, 42.200703, 42.248274, 42.312991, 42.328086, 42.320727, 42.282992, 42.330241, 42.360073, 42.364246, 42.359084, 42.369001, 42.382323, 42.420221800052, 42.423996, 42.475925, 42.585493, 42.608335, 42.598021, 
42.657145, 42.669419, 42.7363970532872, 42.736389, 42.69699, 42.698154, 42.704888, 42.707287, 42.7080177112404, 42.7089149435285, 42.7114667208088, 42.633815)),"Low"
"Middlesex",1,1,"$100,000 and over",1,list(c(-71.858483, -71.775755, -71.664601, -71.678969, -71.635869, -71.53878, -71.5591, -71.624702, -71.58521, -71.551126, -71.486797, -71.506478, -71.522178, -71.550115, -71.586759, -71.555738, -71.502626, -71.478119, -71.34417, -71.302922, -71.32975, -71.269958, -71.230913, -71.191247, -71.156887, -71.167625, -71.116921, -71.077334, -71.064059, -71.080971, -70.9825456015879, -70.982994, -71.053365, -71.033998, -71.145942, -71.164879, -71.256188, -71.238179, -71.2551101218106, -71.255605, -71.294205, 
-71.351874, -71.636214, -71.745817, -71.7725564843125, -71.8053896027383, -71.8987687719366, -71.858483, 42.633815, 42.64423, 42.611598, 42.53043, 42.524024, 42.54303, 42.411943, 42.350465, 42.310952, 42.326395, 42.330189, 42.264276, 42.266454, 42.266023, 42.259545, 42.182503, 42.191416, 42.156782, 42.200703, 42.248274, 42.312991, 42.328086, 42.320727, 42.282992, 42.330241, 42.360073, 42.364246, 42.359084, 42.369001, 42.382323, 42.420221800052, 42.423996, 42.475925, 42.585493, 42.608335, 42.598021, 
42.657145, 42.669419, 42.7363970532872, 42.736389, 42.69699, 42.698154, 42.704888, 42.707287, 42.7080177112404, 42.7089149435285, 42.7114667208088, 42.633815)),"Low"
"Middlesex",1,2,"$10,000 to $34,999",2,list(c(-71.858483, -71.775755, -71.664601, -71.678969, -71.635869, -71.53878, -71.5591, -71.624702, -71.58521, -71.551126, -71.486797, -71.506478, -71.522178, -71.550115, -71.586759, -71.555738, -71.502626, -71.478119, -71.34417, -71.302922, -71.32975, -71.269958, -71.230913, -71.191247, -71.156887, -71.167625, -71.116921, -71.077334, -71.064059, -71.080971, -70.9825456015879, -70.982994, -71.053365, -71.033998, -71.145942, -71.164879, -71.256188, -71.238179, -71.2551101218106, -71.255605, -71.294205, 
-71.351874, -71.636214, -71.745817, -71.7725564843125, -71.8053896027383, -71.8987687719366, -71.858483, 42.633815, 42.64423, 42.611598, 42.53043, 42.524024, 42.54303, 42.411943, 42.350465, 42.310952, 42.326395, 42.330189, 42.264276, 42.266454, 42.266023, 42.259545, 42.182503, 42.191416, 42.156782, 42.200703, 42.248274, 42.312991, 42.328086, 42.320727, 42.282992, 42.330241, 42.360073, 42.364246, 42.359084, 42.369001, 42.382323, 42.420221800052, 42.423996, 42.475925, 42.585493, 42.608335, 42.598021, 
42.657145, 42.669419, 42.7363970532872, 42.736389, 42.69699, 42.698154, 42.704888, 42.707287, 42.7080177112404, 42.7089149435285, 42.7114667208088, 42.633815)),"Low"
"Middlesex",1,2,"$100,000 and over",5,list(c(-71.858483, -71.775755, -71.664601, -71.678969, -71.635869, -71.53878, -71.5591, -71.624702, -71.58521, -71.551126, -71.486797, -71.506478, -71.522178, -71.550115, -71.586759, -71.555738, -71.502626, -71.478119, -71.34417, -71.302922, -71.32975, -71.269958, -71.230913, -71.191247, -71.156887, -71.167625, -71.116921, -71.077334, -71.064059, -71.080971, -70.9825456015879, -70.982994, -71.053365, -71.033998, -71.145942, -71.164879, -71.256188, -71.238179, -71.2551101218106, -71.255605, -71.294205, 
-71.351874, -71.636214, -71.745817, -71.7725564843125, -71.8053896027383, -71.8987687719366, -71.858483, 42.633815, 42.64423, 42.611598, 42.53043, 42.524024, 42.54303, 42.411943, 42.350465, 42.310952, 42.326395, 42.330189, 42.264276, 42.266454, 42.266023, 42.259545, 42.182503, 42.191416, 42.156782, 42.200703, 42.248274, 42.312991, 42.328086, 42.320727, 42.282992, 42.330241, 42.360073, 42.364246, 42.359084, 42.369001, 42.382323, 42.420221800052, 42.423996, 42.475925, 42.585493, 42.608335, 42.598021, 
42.657145, 42.669419, 42.7363970532872, 42.736389, 42.69699, 42.698154, 42.704888, 42.707287, 42.7080177112404, 42.7089149435285, 42.7114667208088, 42.633815)),"Less"
"Middlesex",1,2,"$35,000 to $69,999",2,list(c(-71.858483, -71.775755, -71.664601, -71.678969, -71.635869, -71.53878, -71.5591, -71.624702, -71.58521, -71.551126, -71.486797, -71.506478, -71.522178, -71.550115, -71.586759, -71.555738, -71.502626, -71.478119, -71.34417, -71.302922, -71.32975, -71.269958, -71.230913, -71.191247, -71.156887, -71.167625, -71.116921, -71.077334, -71.064059, -71.080971, -70.9825456015879, -70.982994, -71.053365, -71.033998, -71.145942, -71.164879, -71.256188, -71.238179, -71.2551101218106, -71.255605, -71.294205, 
-71.351874, -71.636214, -71.745817, -71.7725564843125, -71.8053896027383, -71.8987687719366, -71.858483, 42.633815, 42.64423, 42.611598, 42.53043, 42.524024, 42.54303, 42.411943, 42.350465, 42.310952, 42.326395, 42.330189, 42.264276, 42.266454, 42.266023, 42.259545, 42.182503, 42.191416, 42.156782, 42.200703, 42.248274, 42.312991, 42.328086, 42.320727, 42.282992, 42.330241, 42.360073, 42.364246, 42.359084, 42.369001, 42.382323, 42.420221800052, 42.423996, 42.475925, 42.585493, 42.608335, 42.598021, 
42.657145, 42.669419, 42.7363970532872, 42.736389, 42.69699, 42.698154, 42.704888, 42.707287, 42.7080177112404, 42.7089149435285, 42.7114667208088, 42.633815)),"Low"
"Middlesex",1,2,"$70,000 to $99,999",1,list(c(-71.858483, -71.775755, -71.664601, -71.678969, -71.635869, -71.53878, -71.5591, -71.624702, -71.58521, -71.551126, -71.486797, -71.506478, -71.522178, -71.550115, -71.586759, -71.555738, -71.502626, -71.478119, -71.34417, -71.302922, -71.32975, -71.269958, -71.230913, -71.191247, -71.156887, -71.167625, -71.116921, -71.077334, -71.064059, -71.080971, -70.9825456015879, -70.982994, -71.053365, -71.033998, -71.145942, -71.164879, -71.256188, -71.238179, -71.2551101218106, -71.255605, -71.294205, 
-71.351874, -71.636214, -71.745817, -71.7725564843125, -71.8053896027383, -71.8987687719366, -71.858483, 42.633815, 42.64423, 42.611598, 42.53043, 42.524024, 42.54303, 42.411943, 42.350465, 42.310952, 42.326395, 42.330189, 42.264276, 42.266454, 42.266023, 42.259545, 42.182503, 42.191416, 42.156782, 42.200703, 42.248274, 42.312991, 42.328086, 42.320727, 42.282992, 42.330241, 42.360073, 42.364246, 42.359084, 42.369001, 42.382323, 42.420221800052, 42.423996, 42.475925, 42.585493, 42.608335, 42.598021, 
42.657145, 42.669419, 42.7363970532872, 42.736389, 42.69699, 42.698154, 42.704888, 42.707287, 42.7080177112404, 42.7089149435285, 42.7114667208088, 42.633815)),"Low"
"Norfolk",1,2,"$10,000 to $34,999",2,list(list(c(-70.8408, -70.827082, -70.785081, -70.7815745455685, -70.788724, -70.8358517753944, -70.85338, -70.8408, 42.213118, 42.200865, 42.225276, 42.2486369460239, 42.25392, 42.2647632647134, 42.239607, 42.213118)), list(c(-71.498287, -71.4982240131247, -71.4580809945561, -71.381401, -71.3814313468931, -71.353265, -71.288265, -71.138607, -71.080483, -70.948963, -70.924877, -70.914091, -70.9484970435343, -70.967351, -70.9930596399482, -71.041694, -71.053284, -71.093736, -71.102691, -71.111867, 
-71.113326, -71.109544, -71.109347, -71.126377, -71.122517, -71.130771, -71.146642, -71.188212, -71.191247, -71.230913, -71.269958, -71.32975, -71.302922, -71.34417, -71.478119, -71.478522, -71.499689, -71.498287, 42.064878, 42.0158741110185, 42.0168788251287, 42.018798, 41.9850841191295, 41.98954, 42.014462, 42.072775, 42.095539, 42.148156, 42.15758, 42.2888, 42.2823546937823, 42.268168, 42.3128922804124, 42.305298, 42.277502, 42.267136, 42.259884, 42.26041, 42.25899, 42.255412, 42.24799, 42.239162, 
42.235199, 42.227926, 42.255755, 42.280438, 42.282992, 42.320727, 42.328086, 42.312991, 42.248274, 42.200703, 42.156782, 42.131378, 42.10349, 42.064878))),"Low"
"Norfolk",1,2,"$100,000 and over",2,list(list(c(-70.8408, -70.827082, -70.785081, -70.7815745455685, -70.788724, -70.8358517753944, -70.85338, -70.8408, 42.213118, 42.200865, 42.225276, 42.2486369460239, 42.25392, 42.2647632647134, 42.239607, 42.213118)), list(c(-71.498287, -71.4982240131247, -71.4580809945561, -71.381401, -71.3814313468931, -71.353265, -71.288265, -71.138607, -71.080483, -70.948963, -70.924877, -70.914091, -70.9484970435343, -70.967351, -70.9930596399482, -71.041694, -71.053284, -71.093736, -71.102691, -71.111867, 
-71.113326, -71.109544, -71.109347, -71.126377, -71.122517, -71.130771, -71.146642, -71.188212, -71.191247, -71.230913, -71.269958, -71.32975, -71.302922, -71.34417, -71.478119, -71.478522, -71.499689, -71.498287, 42.064878, 42.0158741110185, 42.0168788251287, 42.018798, 41.9850841191295, 41.98954, 42.014462, 42.072775, 42.095539, 42.148156, 42.15758, 42.2888, 42.2823546937823, 42.268168, 42.3128922804124, 42.305298, 42.277502, 42.267136, 42.259884, 42.26041, 42.25899, 42.255412, 42.24799, 42.239162, 
42.235199, 42.227926, 42.255755, 42.280438, 42.282992, 42.320727, 42.328086, 42.312991, 42.248274, 42.200703, 42.156782, 42.131378, 42.10349, 42.064878))),"Low"
"Norfolk",1,2,"$35,000 to $69,999",4,list(list(c(-70.8408, -70.827082, -70.785081, -70.7815745455685, -70.788724, -70.8358517753944, -70.85338, -70.8408, 42.213118, 42.200865, 42.225276, 42.2486369460239, 42.25392, 42.2647632647134, 42.239607, 42.213118)), list(c(-71.498287, -71.4982240131247, -71.4580809945561, -71.381401, -71.3814313468931, -71.353265, -71.288265, -71.138607, -71.080483, -70.948963, -70.924877, -70.914091, -70.9484970435343, -70.967351, -70.9930596399482, -71.041694, -71.053284, -71.093736, -71.102691, -71.111867, 
-71.113326, -71.109544, -71.109347, -71.126377, -71.122517, -71.130771, -71.146642, -71.188212, -71.191247, -71.230913, -71.269958, -71.32975, -71.302922, -71.34417, -71.478119, -71.478522, -71.499689, -71.498287, 42.064878, 42.0158741110185, 42.0168788251287, 42.018798, 41.9850841191295, 41.98954, 42.014462, 42.072775, 42.095539, 42.148156, 42.15758, 42.2888, 42.2823546937823, 42.268168, 42.3128922804124, 42.305298, 42.277502, 42.267136, 42.259884, 42.26041, 42.25899, 42.255412, 42.24799, 42.239162, 
42.235199, 42.227926, 42.255755, 42.280438, 42.282992, 42.320727, 42.328086, 42.312991, 42.248274, 42.200703, 42.156782, 42.131378, 42.10349, 42.064878))),"Low"
"Plymouth",1,2,"$100,000 and over",3,list(c(-71.054718, -70.999773, -70.997397, -70.987256, -70.973717, -71.03657, -71.014591, -71.026288, -70.921782, -70.907184, -70.88497, -70.865003, -70.839175, -70.8039626132079, -70.765463, -70.7617700797884, -70.7159798446688, -70.690964, -70.620785, -70.632555, -70.565363, -70.5364072541248, -70.54103, -70.525567, -70.546386, -70.583572, -70.608166, -70.662476, -70.678798, -70.644337, -70.63848, -70.6792377745025, -70.685315, -70.73056, -70.7815745455685, -70.785081, -70.827082, -70.8408, -70.85338, 
-70.8358517753944, -70.851093, -70.881242, -70.91749, -70.9484970435343, -70.914091, -70.924877, -70.948963, -71.080483, -71.054718, 41.985057, 41.929671, 41.918399, 41.905808, 41.860879, 41.816525, 41.799568, 41.778888, 41.791244, 41.763543, 41.756115, 41.700164, 41.614761, 41.6015155410003, 41.641575, 41.6395180722704, 41.6140132687642, 41.660457, 41.74753, 41.762904, 41.786669, 41.8116341457464, 41.815754, 41.85873, 41.916751, 41.950007, 41.940701, 41.960592, 42.00551, 42.045895, 42.081579, 42.1263494594225, 
42.133025, 42.21094, 42.2486369460239, 42.225276, 42.200865, 42.213118, 42.239607, 42.2647632647134, 42.26827, 42.300663, 42.305686, 42.2823546937823, 42.2888, 42.15758, 42.148156, 42.095539, 41.985057)),"Low"
"Plymouth",1,2,"Under $10,000",2,list(c(-71.054718, -70.999773, -70.997397, -70.987256, -70.973717, -71.03657, -71.014591, -71.026288, -70.921782, -70.907184, -70.88497, -70.865003, -70.839175, -70.8039626132079, -70.765463, -70.7617700797884, -70.7159798446688, -70.690964, -70.620785, -70.632555, -70.565363, -70.5364072541248, -70.54103, -70.525567, -70.546386, -70.583572, -70.608166, -70.662476, -70.678798, -70.644337, -70.63848, -70.6792377745025, -70.685315, -70.73056, -70.7815745455685, -70.785081, -70.827082, -70.8408, -70.85338, 
-70.8358517753944, -70.851093, -70.881242, -70.91749, -70.9484970435343, -70.914091, -70.924877, -70.948963, -71.080483, -71.054718, 41.985057, 41.929671, 41.918399, 41.905808, 41.860879, 41.816525, 41.799568, 41.778888, 41.791244, 41.763543, 41.756115, 41.700164, 41.614761, 41.6015155410003, 41.641575, 41.6395180722704, 41.6140132687642, 41.660457, 41.74753, 41.762904, 41.786669, 41.8116341457464, 41.815754, 41.85873, 41.916751, 41.950007, 41.940701, 41.960592, 42.00551, 42.045895, 42.081579, 42.1263494594225, 
42.133025, 42.21094, 42.2486369460239, 42.225276, 42.200865, 42.213118, 42.239607, 42.2647632647134, 42.26827, 42.300663, 42.305686, 42.2823546937823, 42.2888, 42.15758, 42.148156, 42.095539, 41.985057)),"Low"
"Suffolk",1,1,"$10,000 to $34,999",1,list(c(-71.188212, -71.146642, -71.130771, -71.122517, -71.126377, -71.109347, -71.109544, -71.113326, -71.111867, -71.102691, -71.093736, -71.053284, -71.041694, -70.9930596399482, -70.997838, -70.9830935859472, -70.9758929421261, -70.974897, -70.9825456015879, -71.080971, -71.064059, -71.077334, -71.116921, -71.167625, -71.156887, -71.191247, -71.188212, 42.280438, 42.255755, 42.227926, 42.235199, 42.239162, 42.24799, 42.255412, 42.25899, 42.26041, 42.259884, 42.267136, 42.277502, 42.305298, 42.3128922804124, 
42.321205, 42.3434671949331, 42.3543392537219, 42.355843, 42.420221800052, 42.382323, 42.369001, 42.359084, 42.364246, 42.360073, 42.330241, 42.282992, 42.280438)),"Low"
"Suffolk",1,2,"$10,000 to $34,999",1,list(c(-71.188212, -71.146642, -71.130771, -71.122517, -71.126377, -71.109347, -71.109544, -71.113326, -71.111867, -71.102691, -71.093736, -71.053284, -71.041694, -70.9930596399482, -70.997838, -70.9830935859472, -70.9758929421261, -70.974897, -70.9825456015879, -71.080971, -71.064059, -71.077334, -71.116921, -71.167625, -71.156887, -71.191247, -71.188212, 42.280438, 42.255755, 42.227926, 42.235199, 42.239162, 42.24799, 42.255412, 42.25899, 42.26041, 42.259884, 42.267136, 42.277502, 42.305298, 42.3128922804124, 
42.321205, 42.3434671949331, 42.3543392537219, 42.355843, 42.420221800052, 42.382323, 42.369001, 42.359084, 42.364246, 42.360073, 42.330241, 42.282992, 42.280438)),"Low"
"Suffolk",1,2,"$100,000 and over",4,list(c(-71.188212, -71.146642, -71.130771, -71.122517, -71.126377, -71.109347, -71.109544, -71.113326, -71.111867, -71.102691, -71.093736, -71.053284, -71.041694, -70.9930596399482, -70.997838, -70.9830935859472, -70.9758929421261, -70.974897, -70.9825456015879, -71.080971, -71.064059, -71.077334, -71.116921, -71.167625, -71.156887, -71.191247, -71.188212, 42.280438, 42.255755, 42.227926, 42.235199, 42.239162, 42.24799, 42.255412, 42.25899, 42.26041, 42.259884, 42.267136, 42.277502, 42.305298, 42.3128922804124, 
42.321205, 42.3434671949331, 42.3543392537219, 42.355843, 42.420221800052, 42.382323, 42.369001, 42.359084, 42.364246, 42.360073, 42.330241, 42.282992, 42.280438)),"Low"
"Suffolk",1,2,"$35,000 to $69,999",1,list(c(-71.188212, -71.146642, -71.130771, -71.122517, -71.126377, -71.109347, -71.109544, -71.113326, -71.111867, -71.102691, -71.093736, -71.053284, -71.041694, -70.9930596399482, -70.997838, -70.9830935859472, -70.9758929421261, -70.974897, -70.9825456015879, -71.080971, -71.064059, -71.077334, -71.116921, -71.167625, -71.156887, -71.191247, -71.188212, 42.280438, 42.255755, 42.227926, 42.235199, 42.239162, 42.24799, 42.255412, 42.25899, 42.26041, 42.259884, 42.267136, 42.277502, 42.305298, 42.3128922804124, 
42.321205, 42.3434671949331, 42.3543392537219, 42.355843, 42.420221800052, 42.382323, 42.369001, 42.359084, 42.364246, 42.360073, 42.330241, 42.282992, 42.280438)),"Low"
"Suffolk",1,2,"$70,000 to $99,999",1,list(c(-71.188212, -71.146642, -71.130771, -71.122517, -71.126377, -71.109347, -71.109544, -71.113326, -71.111867, -71.102691, -71.093736, -71.053284, -71.041694, -70.9930596399482, -70.997838, -70.9830935859472, -70.9758929421261, -70.974897, -70.9825456015879, -71.080971, -71.064059, -71.077334, -71.116921, -71.167625, -71.156887, -71.191247, -71.188212, 42.280438, 42.255755, 42.227926, 42.235199, 42.239162, 42.24799, 42.255412, 42.25899, 42.26041, 42.259884, 42.267136, 42.277502, 42.305298, 42.3128922804124, 
42.321205, 42.3434671949331, 42.3543392537219, 42.355843, 42.420221800052, 42.382323, 42.369001, 42.359084, 42.364246, 42.360073, 42.330241, 42.282992, 42.280438)),"Low"
"Worcester",1,1,"$10,000 to $34,999",1,list(c(-72.314253, -72.288734, -72.210795, -72.211079, -72.221218, -72.263924, -72.199348, -72.141886, -72.135042, -72.1357314619467, -72.1021594345268, -71.987326, -71.8846768359037, -71.80065, -71.799242, -71.6066944190753, -71.591096527631, -71.559439, -71.4982240131247, -71.498287, -71.499689, -71.478522, -71.478119, -71.502626, -71.555738, -71.586759, -71.550115, -71.522178, -71.506478, -71.486797, -71.551126, -71.58521, -71.624702, -71.5591, -71.53878, -71.635869, -71.678969, -71.664601, -71.775755, 
-71.858483, -71.8987687719366, -71.9290300590535, -72.081365050188, -72.1110573073528, -72.124526, -72.2036134798068, -72.2830340925109, -72.227752, -72.271352, -72.244868, -72.291288, -72.314253, 42.343688, 42.352024, 42.31138, 42.251262, 42.245252, 42.183831, 42.153707, 42.161, 42.140602, 42.0291419299416, 42.0286302400548, 42.02688, 42.0250593514843, 42.023569, 42.008065, 42.0131050585708, 42.0135133435572, 42.014342, 42.0158741110185, 42.064878, 42.10349, 42.131378, 42.156782, 42.191416, 42.182503, 
42.259545, 42.266023, 42.266454, 42.264276, 42.330189, 42.326395, 42.310952, 42.350465, 42.411943, 42.54303, 42.524024, 42.53043, 42.611598, 42.64423, 42.633815, 42.7114667208088, 42.7122936725326, 42.7164565385412, 42.7172679403547, 42.717636, 42.7198185286799, 42.722010250624, 42.615867, 42.547227, 42.513439, 42.479525, 42.343688)),"Low"
"Worcester",1,2,"$10,000 to $34,999",2,list(c(-72.314253, -72.288734, -72.210795, -72.211079, -72.221218, -72.263924, -72.199348, -72.141886, -72.135042, -72.1357314619467, -72.1021594345268, -71.987326, -71.8846768359037, -71.80065, -71.799242, -71.6066944190753, -71.591096527631, -71.559439, -71.4982240131247, -71.498287, -71.499689, -71.478522, -71.478119, -71.502626, -71.555738, -71.586759, -71.550115, -71.522178, -71.506478, -71.486797, -71.551126, -71.58521, -71.624702, -71.5591, -71.53878, -71.635869, -71.678969, -71.664601, -71.775755, 
-71.858483, -71.8987687719366, -71.9290300590535, -72.081365050188, -72.1110573073528, -72.124526, -72.2036134798068, -72.2830340925109, -72.227752, -72.271352, -72.244868, -72.291288, -72.314253, 42.343688, 42.352024, 42.31138, 42.251262, 42.245252, 42.183831, 42.153707, 42.161, 42.140602, 42.0291419299416, 42.0286302400548, 42.02688, 42.0250593514843, 42.023569, 42.008065, 42.0131050585708, 42.0135133435572, 42.014342, 42.0158741110185, 42.064878, 42.10349, 42.131378, 42.156782, 42.191416, 42.182503, 
42.259545, 42.266023, 42.266454, 42.264276, 42.330189, 42.326395, 42.310952, 42.350465, 42.411943, 42.54303, 42.524024, 42.53043, 42.611598, 42.64423, 42.633815, 42.7114667208088, 42.7122936725326, 42.7164565385412, 42.7172679403547, 42.717636, 42.7198185286799, 42.722010250624, 42.615867, 42.547227, 42.513439, 42.479525, 42.343688)),"Low"
"Worcester",1,2,"$100,000 and over",8,list(c(-72.314253, -72.288734, -72.210795, -72.211079, -72.221218, -72.263924, -72.199348, -72.141886, -72.135042, -72.1357314619467, -72.1021594345268, -71.987326, -71.8846768359037, -71.80065, -71.799242, -71.6066944190753, -71.591096527631, -71.559439, -71.4982240131247, -71.498287, -71.499689, -71.478522, -71.478119, -71.502626, -71.555738, -71.586759, -71.550115, -71.522178, -71.506478, -71.486797, -71.551126, -71.58521, -71.624702, -71.5591, -71.53878, -71.635869, -71.678969, -71.664601, -71.775755, 
-71.858483, -71.8987687719366, -71.9290300590535, -72.081365050188, -72.1110573073528, -72.124526, -72.2036134798068, -72.2830340925109, -72.227752, -72.271352, -72.244868, -72.291288, -72.314253, 42.343688, 42.352024, 42.31138, 42.251262, 42.245252, 42.183831, 42.153707, 42.161, 42.140602, 42.0291419299416, 42.0286302400548, 42.02688, 42.0250593514843, 42.023569, 42.008065, 42.0131050585708, 42.0135133435572, 42.014342, 42.0158741110185, 42.064878, 42.10349, 42.131378, 42.156782, 42.191416, 42.182503, 
42.259545, 42.266023, 42.266454, 42.264276, 42.330189, 42.326395, 42.310952, 42.350465, 42.411943, 42.54303, 42.524024, 42.53043, 42.611598, 42.64423, 42.633815, 42.7114667208088, 42.7122936725326, 42.7164565385412, 42.7172679403547, 42.717636, 42.7198185286799, 42.722010250624, 42.615867, 42.547227, 42.513439, 42.479525, 42.343688)),"Less"
"Worcester",1,2,"$35,000 to $69,999",4,list(c(-72.314253, -72.288734, -72.210795, -72.211079, -72.221218, -72.263924, -72.199348, -72.141886, -72.135042, -72.1357314619467, -72.1021594345268, -71.987326, -71.8846768359037, -71.80065, -71.799242, -71.6066944190753, -71.591096527631, -71.559439, -71.4982240131247, -71.498287, -71.499689, -71.478522, -71.478119, -71.502626, -71.555738, -71.586759, -71.550115, -71.522178, -71.506478, -71.486797, -71.551126, -71.58521, -71.624702, -71.5591, -71.53878, -71.635869, -71.678969, -71.664601, -71.775755, 
-71.858483, -71.8987687719366, -71.9290300590535, -72.081365050188, -72.1110573073528, -72.124526, -72.2036134798068, -72.2830340925109, -72.227752, -72.271352, -72.244868, -72.291288, -72.314253, 42.343688, 42.352024, 42.31138, 42.251262, 42.245252, 42.183831, 42.153707, 42.161, 42.140602, 42.0291419299416, 42.0286302400548, 42.02688, 42.0250593514843, 42.023569, 42.008065, 42.0131050585708, 42.0135133435572, 42.014342, 42.0158741110185, 42.064878, 42.10349, 42.131378, 42.156782, 42.191416, 42.182503, 
42.259545, 42.266023, 42.266454, 42.264276, 42.330189, 42.326395, 42.310952, 42.350465, 42.411943, 42.54303, 42.524024, 42.53043, 42.611598, 42.64423, 42.633815, 42.7114667208088, 42.7122936725326, 42.7164565385412, 42.7172679403547, 42.717636, 42.7198185286799, 42.722010250624, 42.615867, 42.547227, 42.513439, 42.479525, 42.343688)),"Low"
"Worcester",1,2,"Under $10,000",2,list(c(-72.314253, -72.288734, -72.210795, -72.211079, -72.221218, -72.263924, -72.199348, -72.141886, -72.135042, -72.1357314619467, -72.1021594345268, -71.987326, -71.8846768359037, -71.80065, -71.799242, -71.6066944190753, -71.591096527631, -71.559439, -71.4982240131247, -71.498287, -71.499689, -71.478522, -71.478119, -71.502626, -71.555738, -71.586759, -71.550115, -71.522178, -71.506478, -71.486797, -71.551126, -71.58521, -71.624702, -71.5591, -71.53878, -71.635869, -71.678969, -71.664601, -71.775755, 
-71.858483, -71.8987687719366, -71.9290300590535, -72.081365050188, -72.1110573073528, -72.124526, -72.2036134798068, -72.2830340925109, -72.227752, -72.271352, -72.244868, -72.291288, -72.314253, 42.343688, 42.352024, 42.31138, 42.251262, 42.245252, 42.183831, 42.153707, 42.161, 42.140602, 42.0291419299416, 42.0286302400548, 42.02688, 42.0250593514843, 42.023569, 42.008065, 42.0131050585708, 42.0135133435572, 42.014342, 42.0158741110185, 42.064878, 42.10349, 42.131378, 42.156782, 42.191416, 42.182503, 
42.259545, 42.266023, 42.266454, 42.264276, 42.330189, 42.326395, 42.310952, 42.350465, 42.411943, 42.54303, 42.524024, 42.53043, 42.611598, 42.64423, 42.633815, 42.7114667208088, 42.7122936725326, 42.7164565385412, 42.7172679403547, 42.717636, 42.7198185286799, 42.722010250624, 42.615867, 42.547227, 42.513439, 42.479525, 42.343688)),"Low"
